41 39
42 40
43 41
44 42
45 43
46 44
47 45
48 46
49 47
50 48
51 49
52 50
53 51
54 52
53 53
54 54
53 55
54 56
53 57
54 58
53 59
54 60
53 61
54 62
53 63
54 64
53 65
54 66
53 67
54 68
55 69
56 70
57 71
58 72
57 73
56 74
55 75
54 76
53 77
52 78
51 79
50 80
49 81
48 82
47 83
46 84
45 85
44 86
43 87
42 88
41 89
40 90
39 91
38 92
37 93
36 94
35 95
34 96
33 97
32 98
31 99
30 100
29 101
28 102
27 103
26 104
25 105
26 106
25 107
26 108
25 109
26 110
25 111
26 112
25 113
26 114
25 115
26 116
25 117
26 118
25 119
26 120
25 121
26 122
25 123
26 124
25 125
26 126
25 127
26 128
25 129
26 130
25 131
26 132
25 133
26 134
25 135
26 136
25 137
26 138
25 139
26 140
25 141
26 142
25 143
26 144
25 145
26 146
25 147
26 148
25 149
26 150
25 151
26 152
25 153
26 154
25 155
26 156
25 157
26 158
25 159
26 160
25 161
26 162
25 163
26 164
25 165
26 166
25 167
24 168
23 169
22 170
21 171
20 172
19 173
18 174
17 175
16 176
